3 0.39892543859649116 0.2491613975717636 0.7872807017543859 0.10092914180544424
0 0.13028508771929817 0.33153738831003055 0.24561403508771926 0.057885831329593025
0 0.3887242268041237 0.33361243393165524 0.25 0.06018106651316133
0 0.6528994845360825 0.3331763392467773 0.2551546391752577 0.05407574092486963
1 0.09813144329896907 0.41123728783993585 0.1920103092783505 0.08809112634535214
1 0.2933634020618557 0.41080119315505786 0.18556701030927836 0.08721893697559617
1 0.4943943298969073 0.41167338252481384 0.193298969072165 0.08373017949657229
1 0.6941365979381443 0.4121094772096918 0.19072164948453604 0.0863467476058402
2 0.3766741071428571 0.7682197244379985 0.7444196428571428 0.015107565868987215
1 0.901875 0.4467005076142132 0.19375 0.17766497461928935
1 0.904375 0.7081218274111675 0.18875 0.13874788494077833
3 0.903125 0.5913705583756346 0.19125 0.09137055837563451
3 0.90375 0.25888324873096447 0.19 0.11336717428087986
0 0.90375 0.338409475465313 0.1875 0.04060913705583756
3 0.900625 0.8329103214890017 0.18875 0.0922165820642978
3 0.19468750000000007 0.8236980635457792 0.3836805555555556 0.08930250047001315
0 0.19374999999999998 0.8883248730964467 0.38430851063829785 0.0342009576268135