3 0.21045751633986928 0.2977950369945428 0.36819172113289766 0.16768898106879662
0 0.212962962962963 0.4145567641910478 0.3773148148148149 0.058608402100525134
1 0.12037037037037036 0.5239591147786947 0.18981481481481483 0.15238184546136535
1 0.3096064814814815 0.6067923230807702 0.18634259259259256 0.3180482620655164
3 0.8859953703703705 0.2699893723430858 0.18171296296296305 0.10236934233558388
0 0.8883101851851852 0.345008127031758 0.1793981481481482 0.03985371342835709
1 0.8871527777777778 0.4473774693673419 0.1840277777777778 0.1726994248562141
3 0.890625 0.5720180045011253 0.16782407407407404 0.060952738184546135
3 0.21643518518518517 0.8209083520880222 0.37268518518518523 0.05235683920980251
3 0.8854166666666666 0.8298949737434359 0.1736111111111111 0.07501875468867217
0 0.8923611111111112 0.6247655663915979 0.17129629629629625 0.04141660415103779
0 0.884837962962963 0.911946736684171 0.1840277777777778 0.07970742685671418
1 0.8865740740740742 0.7040822705676419 0.18518518518518515 0.11877969492373096