3 0.2097260273972603 0.29031230410342307 0.3698630136986301 0.1490098552035269
0 0.2082039573820396 0.3920500673113484 0.36986301369863017 0.046244437821784175
3 0.11535768645357687 0.5415737496017841 0.17199391171993908 0.07810171721012445
1 0.11916286149162862 0.45781993443566377 0.1948249619482496 0.07707406303630705
1 0.3117047184170471 0.5939841124664728 0.1933028919330289 0.34529180240265545
1 0.11409090909090909 0.6449055445679602 0.17424242424242423 0.1321353065539112
3 0.10967171717171717 0.7518925185841915 0.16287878787878787 0.07672372638614205
1 0.11535353535353535 0.8358623746845802 0.17424242424242423 0.08439609902475619
3 0.11156565656565656 0.9108811293732524 0.17171717171717174 0.050296665075359716
1 0.11219696969696968 0.9547841505831003 0.18055555555555555 0.04432926413421531
1 0.5162373737373738 0.7212030280297347 0.18560606060606064 0.08354361317602128
1 0.705 0.7237604855759394 0.18686868686868693 0.08524858487349109
1 0.8956565656565657 0.728022914819614 0.18939393939393945 0.07672372638614197
2 0.681010101010101 0.5413285139466685 0.5151515151515152 0.022164632067107656
3 0.710050505050505 0.6048387096774194 0.5681818181818182 0.07246129714246738
0 0.7062626262626263 0.6611027756939235 0.5580808080808081 0.03495191979813129
3 0.7946464646464647 0.8064516129032258 0.37121212121212127 0.08013366978108168
1 0.705 0.9159960444656621 0.18181818181818193 0.12361044806656207
1 0.8988131313131313 0.9164222873900293 0.1957070707070707 0.12105299052035728